0.0107100580246250	0.0120443645068869	0.0944982179201826
0.0109848377706464	0.0120746502720292	0.0944481892107203
0.0114382915530022	0.0121618603654871	0.0943652983343703
0.0117769731383466	0.0122125997468129	0.0943034467026803
0.0118152738510715	0.0122116313755242	0.0942965125720010
0.0123237340770396	0.0121410943571810	0.0942043239626225
0.0129742756426539	0.0120428319827173	0.0940863557398965
0.0134819770554438	0.0119723431542894	0.0939941887763988
0.0135621031884127	0.0119851103938181	0.0939793983118912
0.0137276246718862	0.0119812258420380	0.0939491353725720
0.0138930370966470	0.0119773416275778	0.0939188750662095
0.0140583404765657	0.0119734577500828	0.0938886173900407
0.0142235348254930	0.0119695742091984	0.0938583623413032
0.0143886201572596	0.0119656910045700	0.0938281099172345
0.0145535964856764	0.0119618081358432	0.0937978601150732
0.0147184638245343	0.0119579256026635	0.0937676129320579
0.0148550237371968	0.0119692626543060	0.0937424454879497
0.0151043413402194	0.0119196945987034	0.0936969667095953
0.0155131225710874	0.0117839698252180	0.0936227365593461
0.0160479593461680	0.0115873013448382	0.0935256596217865
0.0164975134131097	0.0114074759334366	0.0934440860324859
0.0167831733165609	0.0112749638625738	0.0933923843751425
0.0171815913902718	0.0112248406700002	0.0933186087055047
0.0188393621778564	0.00979466094822994	0.0926605018582324
0.0215030999176239	0.00677463097216801	0.0936519513132642
0.0234548451973542	0.00416847576208365	0.0953785984881601
0.0238526340287971	0.00313749095344310	0.0967732368308203
0.0236862056140968	0.00285339111939956	0.0964455367457207
0.0236877828265728	0.00243844179924371	0.0964515262353299
0.0236983964437024	0.00273960210495082	0.0960479527175054
0.0236584430085159	0.000900634806709716	0.0976717265569266
0.0238114333854518	-0.00123790894622822	0.0999248627281802
0.0232738730229056	-0.00428020550193930	0.101699723216443
0.0207448584836392	-0.00786605861861236	0.101697592451808
0.0180013793612012	-0.0117954961619900	0.102077773418824
0.0164045365984030	-0.0134169819339352	0.102256900149016
0.0161157396856722	-0.0135868692190700	0.102343099533776
0.0156285045307820	-0.0140394488837780	0.102437006463174
0.0155564474463171	-0.0141478115004016	0.102451476362003
0.0152526906993262	-0.0144056220760515	0.102509519041927
0.0149281775047346	-0.0146747491120145	0.102571418632176
0.0145154249029662	-0.0149998173256173	0.102649801144590
0.0141431510565657	-0.0152549485517260	0.102719804014199
0.0137033397907424	-0.0155815568577099	0.102802850146721
0.0134184780078290	-0.0157867172707690	0.102856491838686
0.0128884591391980	-0.0162758392781189	0.102995786414467
0.0118966581854609	-0.0169440150710683	0.102991155272072
0.0105766822781742	-0.0177417479987333	0.103172197220851
0.00960814137228538	-0.0182039255318500	0.103412264687901
0.00910454910249677	-0.0184969631098327	0.103694577789606
0.00873043271598516	-0.0186665926425177	0.103724395782469
0.00827087087081590	-0.0188697730325837	0.103807529441011
0.00785309117235842	-0.0190718851499782	0.103883303531231
0.00745037570600819	-0.0192738156305637	0.103956325478462
0.00690888295244653	-0.0194967190061293	0.104053572214360
0.00643050013164129	-0.0196528468129705	0.104138737083117
0.00614833137585017	-0.0197107209523738	0.104188351486190
0.00599367509511875	-0.0196994976662447	0.104214820170223
0.00580701576852868	-0.0197055416754608	0.104247078836472
0.00562023994218333	-0.0197115862570916	0.104279340536975
0.00543334759977496	-0.0197176314117014	0.104311605274744
0.00524633872497411	-0.0197236771398549	0.104343873052793
0.00505921330142958	-0.0197297234421168	0.104376143874137
0.00487197131276834	-0.0197357703190518	0.104408417741790
0.00468461274259566	-0.0197418177712250	0.104440694658770
0.00449713757449500	-0.0197478657992017	0.104472974628092
0.00430954579202805	-0.0197539144035469	0.104505257652773
0.00412183737873468	-0.0197599635848262	0.104537543735833
0.00393401231813303	-0.0197660133436053	0.104569832880291
0.00374607059371938	-0.0197720636804497	0.104602125089165
0.00355801218896821	-0.0197781145959255	0.104634420365477
0.00336983708733218	-0.0197841660905985	0.104666718712249
0.00318154527224217	-0.0197902181650351	0.104699020132502
0.00299313672710717	-0.0197962708198015	0.104731324629259
0.00280461143531435	-0.0198023240554641	0.104763632205544
0.00264838748293451	-0.0198237035737377	0.104790648498605
0.00236245168613513	-0.0197838088384678	0.104838838682162
0.00185993084800000	-0.0196416131537466	0.104922359005536
0.00138956095718360	-0.0195147096763122	0.105000594879637
0.000988658177637240	-0.0194289905316670	0.105067533552564
0.000598021332063062	-0.0193154472616998	0.105132265691710
0.000136484273272630	-0.0191220062598009	0.105207852028869
-0.000178809186458975	-0.0189566595467729	0.105258989952332
-0.000756411552144181	-0.0187166882215261	0.105353494809171
-0.00131782296697864	-0.0184980714652196	0.105445543029294
-0.00227529873978955	-0.0180869733623124	0.105601815052805
-0.00325193688966039	-0.0175927484678184	0.105760092314617
-0.00400942633160242	-0.0171800199552446	0.105882465757204
-0.00433430136113886	-0.0169802045992572	0.105934433328034
-0.00538447682613827	-0.0160703125973040	0.106099748299927
-0.00704098625501073	-0.0133321890074640	0.106349956441370
-0.00819003889181551	-0.0106338610607471	0.106516906015282
-0.00842410935285863	-0.00944927459252699	0.106545903530673
-0.00846685799103774	-0.00973106660025699	0.106947955972079
-0.00791046637607193	-0.00746726336934035	0.105268402748021
-0.00705205112442475	-0.00455688659395525	0.102879612663923
-0.00663638413760099	-0.00276706066022686	0.101567633954184
-0.00545928134727323	-0.00176104336592859	0.100416927647673
-0.00342643323772585	7.77606168512248e-05	0.0980528430742684
-0.00150415146918846	0.00139243662568067	0.0962408728793643
-0.00102853745320243	0.00133757965651787	0.0964152014300441
-0.000410494828428374	0.00141844454186873	0.0963284651934523
1.73789720643483e-05	0.00148711072112740	0.0962538740242094
0.000355530711883970	0.00154605872296500	0.0961948779283124
0.000484536811228555	0.00153068502469410	0.0961724941556011
0.000658239312709993	0.00153016873968355	0.0961422727515369
0.000831832540168418	0.00152965249974725	0.0961120540862211
0.00100531650843071	0.00152913630483747	0.0960818381568626
0.00117869123230362	0.00152862015490654	0.0960516249606719
0.00135195672657375	0.00152810404990682	0.0960214144948607
0.00152511300600757	0.00152758798979069	0.0959912067566411
0.00169816008535143	0.00152707197451054	0.0959610017432267
0.00187109797933154	0.00152655600401878	0.0959307994518316
0.00204392670265403	0.00152604007826783	0.0959005998796712
0.00217124928916702	0.00153280070784187	0.0958578178042402
0.00252543889320279	0.00150317647169257	0.0958779636337826
0.00295521598208768	0.00146143419144664	0.0959190911679384
0.00330927189524027	0.00143183283044501	0.0959392511904409
0.00343626882866333	0.00143862349435619	0.0958964914635122
0.00360854497389530	0.00143813533255895	0.0958663187729786
0.00375125030366069	0.00145262030591006	0.0958411315321999
0.00404117396114105	0.00139223516786166	0.0957910325268586
0.00438001836254706	0.00130691367465173	0.0957326350077410
0.00464017589587377	0.00126151489185923	0.0956875256572048
0.00489971605186770	0.00121629097220327	0.0956424541422466
0.00519357964309761	0.00114614775114438	0.0955916635787098
0.00565793875338657	0.00102622162876316	0.0955114121590594
0.00601915227722874	0.000971017050722587	0.0954484290245082
0.00648233970676086	0.000851383613923685	0.0953682436436112
0.00677428344329714	0.000781691602819736	0.0953175559774137
0.00703217021130403	0.000736732003390384	0.0952725532563810
0.00726037779264226	0.000706773363378991	0.0952325408210712
0.00766801041873265	0.000577872903609477	0.0951620672816962
0.00824936938116902	0.000389765862887478	0.0950615070140781
0.00889686044974802	0.000216830836436073	0.0949488111411935
0.00957189380216529	2.95393875328808e-05	0.0948312645191311
0.0100051196573159	-8.36784326507638e-05	0.0947556345705784
0.0103317728852766	-0.000172096939325094	0.0946985762500599
0.0107202810394593	-0.000284880464653741	0.0946307633145149
0.0112521325274086	-0.000471073301838155	0.0945383413021258
0.0117541763297699	-0.000642200110088847	0.0944509242151187
0.0122838116732755	-0.000827621333463373	0.0943586688428024
0.0126698036203916	-0.000939652823553890	0.0942910200274913
0.0129790947773142	-0.00101254224589157	0.0942364950374255
0.0134916382386403	-0.00118240272433030	0.0941467784165702
0.0141224431506528	-0.00144948213655786	0.0940372597356287
0.0146666800822482	-0.00167724925118658	0.0939426173444435
0.0150207997527370	-0.00183199278530796	0.0938810828737211
0.0154499612180512	-0.00200092322607669	0.0938061542251050
0.0159017275624444	-0.00216945362955167	0.0937270219448855
0.0163670328120429	-0.00233768467318819	0.0936453811554978
0.0167378231129589	-0.00250604659636542	0.0935808742099776
0.0170519029633524	-0.00267443679772057	0.0935266599991767
0.0173796698038475	-0.00284256690296034	0.0934699306773490
0.0177070357295659	-0.00301049304567179	0.0934132481757378
0.0179420443586579	-0.00312920430952480	0.0933975091404933
0.0186366705654005	-0.00349287704118846	0.0931774330081727
0.0194832274645648	-0.00393759592521467	0.0928888454043739
0.0201748014990948	-0.00429980752140485	0.0926679027166969
0.0204052547107828	-0.00441632138537903	0.0926510922935541
0.0207274913258932	-0.00458174878427464	0.0925935306059525
0.0209466296580757	-0.00471055498704992	0.0925284631436027
0.0216788288332873	-0.00502123187687540	0.0925010759795243
0.0225817741229571	-0.00539238986509260	0.0924868226857071
0.0233131585973265	-0.00570264558122425	0.0924607393746545
0.0235306798840970	-0.00583062029098314	0.0923974445044642
0.0238505045274458	-0.00599481239236070	0.0923416230802479
0.0241699382267627	-0.00615880543228680	0.0922858484712488
0.0244287590239063	-0.00627535967560277	0.0922678339310283
0.0249885131471323	-0.00662802175480163	0.0920614019512447
0.0255578599603001	-0.00699353153809598	0.0917791126123878
0.0264863862476685	-0.00760559091187796	0.0916196884957088
0.0271811748353962	-0.00807666347437186	0.0916849119367824
0.0277918026833268	-0.00851468289823475	0.0916920502295748
0.0278254932558027	-0.00847384096169304	0.0912930513323632
0.0299561789817037	-0.0104566450831138	0.0923983789357607
0.0325142410565527	-0.0130039381183581	0.0940447112040969
0.0341825873610312	-0.0147701095750446	0.0952324768796242
0.0339589259700392	-0.0148599812650644	0.0949151604633180
0.0341112570592616	-0.0153549738795840	0.0949015824936533
0.0343041271187391	-0.0157842935381263	0.0948783714438053
0.0346609033648785	-0.0165144842903444	0.0948343079138067
0.0350410982172381	-0.0173077028985560	0.0947878252266904
0.0351984803380924	-0.0182519099715067	0.0943929097589733
0.0357605394180008	-0.0210119017328601	0.0955332430372336
0.0368337082885408	-0.0256613110263721	0.0989953402025822
0.0376215963910336	-0.0315474859453629	0.104998948788483
0.0375607213935179	-0.0353336172369282	0.109179663979074
0.0372577124434550	-0.0369877089822523	0.110765671634088
0.0370817937520708	-0.0367485559043613	0.110313652359355
0.0368964238993849	-0.0369626005362078	0.110355530592993
0.0367109064972030	-0.0371768001494185	0.110397419680911
0.0365252414753948	-0.0373911547918474	0.110439319590628
0.0363394287640813	-0.0376056645111283	0.110481230289705
0.0361534682936328	-0.0378203293546745	0.110523151745749
0.0359673599947057	-0.0380351493696489	0.110565083926415
0.0357811037980812	-0.0382501246031052	0.110607026799384